0 1 Car -1 -1 -10 254.65273086073805 113.73549359024251 492.13586055276767 226.40535564320183 4.757880210876465 1.888023853302002 1.9804884195327759 13.744366645812988 4.658116817474365 -0.7672831416130066 6.8296990394592285 
1 1 Car -1 -1 -10 252.59428085595175 112.45637230321415 489.68356096926465 222.99568673497703 4.696551378090119 1.8978025064999853 1.9356084186723526 13.93869384734882 4.746800829729637 -0.7278318715551276 0.5652567512693194 
2 1 Car -1 -1 -10 247.19506172496446 108.02901552386068 486.8901299857416 214.37861007004346 4.684431084095556 1.8665166108868718 1.8820959684836123 14.100115777021493 4.860076425545963 -0.5932724534346465 0.569365196684905 
3 1 Car -1 -1 -10 256.099431601618 100.37621871755877 478.065331815067 207.41872913336925 4.437480450931289 1.8831881283867056 1.9326512810999366 14.18812751782601 4.898963451512473 -0.4712331592815003 0.5623313745272951 
4 1 Car -1 -1 -10 248.77043516737461 102.70260591820062 476.03842907965446 206.5912410752911 4.5889134406985 1.8652815818793134 1.9066730737695747 14.423030853269509 5.0679435729963505 -0.46527805924247356 0.563079531992748 
5 1 Car -1 -1 -10 253.27064272279944 105.09994456142387 470.63644967918134 206.61467623683168 4.436325073242119 1.8329224586486512 1.9264167547226567 14.50844001770021 5.107820510864269 -0.4678190946578959 0.581562693919041 
6 1 Car -1 -1 -10 251.63726389932617 105.97211084874647 468.7646447893495 206.99601204783687 4.47395229339601 1.8532328605651647 1.9152443408966635 14.701266288757324 5.207878112792969 -0.4816379249095917 0.5892874558819372 
7 1 Car -1 -1 -10 250.23940867401907 109.04209456836193 466.44332596266383 208.30292105334684 4.555850982666243 1.8480890989303633 1.922745704650796 14.92714786529541 5.330161094665527 -0.5118967890739441 0.5938431580914099 
8 1 Car -1 -1 -10 248.58032077116482 112.41064533079582 465.0968640623247 211.8135524843775 4.569850921631115 1.8748644590377812 1.9051643610000606 15.070365905761719 5.406169414520264 -0.5845495462417603 0.5850254853619177 
9 10 Car -1 -1 -10 408.3247225116056 150.60694692403146 485.1321386534841 188.69768295443612 4.647670358086332 1.976552145780295 2.10946796719909 39.272132790733316 9.207989732657099 -0.3108172119534892 2.8364925349458776 
10 10 Car -1 -1 -10 413.2217700672499 154.65526593300683 495.3087501457091 193.175504654732 4.757752417724044 1.9944465159079172 2.0405619149410477 39.09806823704184 8.755137443494977 -0.5437886709700359 2.7844009403171204 
1 1 Pedestrian -1 -1 -10 1127.8198935071737 188.8816119778796 1241.0 250.4256717377323 0.670465321637768 0.6233065619930802 1.673996165800626 8.44608353639403 -6.374123707621257 -0.7717905246084987 0.3474848825922825 
2 1 Pedestrian -1 -1 -10 1153.0141069389883 179.25407120011738 1241.0 247.37312702907474 0.7128924753726059 0.6675438603165905 1.7123074057078067 8.047196526396837 -6.38994602664563 -0.7031295597580617 0.13560668470468826 
3 1 Pedestrian -1 -1 -10 1161.0260130328031 182.9180401868844 1241.0 244.71539130949625 0.7118173841558997 0.5851705372913532 1.6854974128634514 7.872647734951705 -6.358296400101036 -0.6627444590334566 1.3416225114659208 
0 1 Cyclist -1 -1 -10 720.2314163803163 203.4271797096962 942.8983238577082 290.87458040788295 1.5672513246536255 0.5660192966461182 1.7846254110336304 6.077325344085693 -1.6074483394622803 -0.8267881870269775 6.458888530731201 
1 1 Cyclist -1 -1 -10 728.6338749526768 202.3019462560942 950.2769011557289 287.0210965970545 1.559045697369282 0.5518074744331873 1.7588624712054721 6.0735387862463925 -1.654025957271355 -0.8017361563304397 0.1685925136845352 
2 1 Cyclist -1 -1 -10 735.8080006293312 188.50355960777168 958.8605069968471 279.0727915391168 1.5376424095659447 0.6244830585221071 1.7025821327213428 6.07182025873152 -1.7098995419442025 -0.750867491825887 0.16455907171815334 
3 1 Cyclist -1 -1 -10 735.4113682289305 188.46606370942783 975.4327424132583 273.6200226307693 1.6560182534873729 0.5674686449482447 1.778327343510166 6.0035209662615765 -1.7522786857114 -0.6944581866812096 0.18454664487071964 
4 1 Cyclist -1 -1 -10 745.4359505297327 188.09754854413455 970.9322815636813 276.6789388892889 1.5206573010044018 0.6153000592989473 1.6720299721199425 6.078191757182022 -1.8012630939476415 -0.7377188801621033 0.163198169086472 
5 1 Cyclist -1 -1 -10 750.1755156962216 190.65263003342682 975.0044428617948 278.7335050696204 1.5180333852767516 0.6075990200043107 1.6820986270903877 6.088270664215168 -1.8390378952026534 -0.7528200745583008 0.18387335142015518 
6 1 Cyclist -1 -1 -10 753.7478716277311 188.6572865157685 977.7162825249034 275.2378191028481 1.531309723854081 0.6039677262306121 1.6975489854813497 6.1373372077941895 -1.8798797130584717 -0.7321892976760885 0.1650692780865284 
7 1 Cyclist -1 -1 -10 755.2907184437328 188.729956520693 983.0113359187797 278.3673346208711 1.5775482654572077 0.619094431400335 1.7367788553238093 6.122933387756348 -1.895969033241272 -0.7485408782958984 0.22571485837827504 
8 1 Cyclist -1 -1 -10 756.4121710772225 195.33674672196096 983.2469513885941 280.40796280462297 1.5557221174239297 0.5843800902366936 1.6993100643157792 6.162596702575684 -1.9200130701065063 -0.7726799845695496 0.23057812055478877 
9 1 Cyclist -1 -1 -10 756.4397919797367 195.83863955841846 984.5893927912248 282.8063957105037 1.5720480680466513 0.6008836627006531 1.6971150636672452 6.191073417663574 -1.9350379705429077 -0.7941470146179199 0.2432767709148962 
10 1 Cyclist -1 -1 -10 755.8303419744939 196.1743316340377 984.6813489427291 284.18180162539625 1.6262754201889216 0.6080529093742473 1.7427307367324782 6.248216152191162 -1.9469208717346191 -0.8065239191055298 0.2767083009136755 
